s | x | z | theta
0 0.1 0 2
0.1 0.199909 0.00523492 2.01047
0.2 0.299847 0.00875226 1.9005
0.3 0.399795 0.0119727 1.94099
0.4 0.499736 0.0153951 1.96301
0.5 0.599677 0.0188397 1.98056
0.6 0.699617 0.0223111 1.99522
0.7 0.799556 0.0258055 2.00807
0.8 0.899494 0.0293207 2.01969
0.9 0.999431 0.0328551 2.03045
1 1.09937 0.0364075 2.04059
1.1 1.1993 0.0399771 2.05026
1.2 1.29924 0.0435632 2.05959
1.3 1.39918 0.0471652 2.06864
1.4 1.49911 0.0507828 2.07749
1.5 1.59904 0.0544156 2.08616
1.6 1.69898 0.0580634 2.0947
1.7 1.79891 0.061726 2.10313
1.8 1.89884 0.0654031 2.11148
1.9 1.99877 0.0690948 2.11976
2 2.09871 0.0728009 2.12798
2.1 2.19864 0.0765212 2.13615
2.2 2.29857 0.0802557 2.1443
2.3 2.3985 0.0840045 2.15241
2.4 2.49843 0.0877673 2.1605
2.5 2.59835 0.0915443 2.16858
2.6 2.69828 0.0953353 2.17665
2.7 2.79821 0.0991404 2.18471
2.8 2.89814 0.10296 2.19277
2.9 2.99806 0.106793 2.20082
3 3.09799 0.11064 2.20888
3.1 3.19792 0.114501 2.21695
3.2 3.29784 0.118377 2.22502
3.3 3.39776 0.122266 2.23311
3.4 3.49769 0.12617 2.2412
3.5 3.59761 0.130087 2.2493
3.6 3.69753 0.134019 2.25742
3.7 3.79746 0.137965 2.26556
3.8 3.89738 0.141925 2.27371
3.9 3.9973 0.1459 2.28187
4 4.09722 0.149888 2.29006
4.1 4.19714 0.153891 2.29826
4.2 4.29706 0.157909 2.30649
4.3 4.39698 0.16194 2.31473
4.4 4.49689 0.165986 2.32299
4.5 4.59681 0.170047 2.33128
4.6 4.69673 0.174122 2.33958
4.7 4.79665 0.178211 2.34791
4.8 4.89656 0.182315 2.35626
4.9 4.99648 0.186434 2.36464
5 5.09639 0.190567 2.37304
5.1 5.19631 0.194715 2.38146
5.2 5.29622 0.198878 2.38991
5.3 5.39613 0.203055 2.39838
5.4 5.49604 0.207247 2.40688
5.5 5.59595 0.211454 2.4154
5.6 5.69587 0.215676 2.42395
5.7 5.79578 0.219913 2.43253
5.8 5.89569 0.224164 2.44113
5.9 5.99559 0.228431 2.44976
6 6.0955 0.232713 2.45841
6.1 6.19541 0.23701 2.4671
6.2 6.29532 0.241322 2.47581
6.3 6.39522 0.245649 2.48454
6.4 6.49513 0.249992 2.49331
6.5 6.59503 0.25435 2.5021
6.6 6.69494 0.258723 2.51093
6.7 6.79484 0.263112 2.51978
6.8 6.89475 0.267516 2.52866
6.9 6.99465 0.271936 2.53756
7 7.09455 0.276371 2.5465
7.1 7.19445 0.280822 2.55547
7.2 7.29435 0.285288 2.56446
7.3 7.39425 0.28977 2.57349
7.4 7.49415 0.294268 2.58255
7.5 7.59405 0.298782 2.59163
7.6 7.69394 0.303312 2.60075
7.7 7.79384 0.307857 2.60989
7.8 7.89374 0.312419 2.61907
7.9 7.99363 0.316996 2.62828
8 8.09353 0.32159 2.63751
8.1 8.19342 0.3262 2.64678
8.2 8.29331 0.330826 2.65608
8.3 8.3932 0.335468 2.66541
8.4 8.4931 0.340126 2.67478
8.5 8.59299 0.344801 2.68417
8.6 8.69288 0.349492 2.6936
8.7 8.79277 0.3542 2.70306
8.8 8.89265 0.358924 2.71255
8.9 8.99254 0.363665 2.72207
9 9.09243 0.368422 2.73162
9.1 9.19231 0.373196 2.74121
9.2 9.2922 0.377987 2.75083
9.3 9.39208 0.382795 2.76048
9.4 9.49197 0.387619 2.77017
9.5 9.59185 0.392461 2.77988
9.6 9.69173 0.397319 2.78963
9.7 9.79161 0.402195 2.79942
9.8 9.89149 0.407087 2.80924
9.9 9.99137 0.411997 2.81909
10 10.0913 0.416924 2.82897
10.1 10.1911 0.421868 2.83889
10.2 10.291 0.426829 2.84885
10.3 10.3909 0.431808 2.85883
10.4 10.4908 0.436804 2.86885
10.5 10.5906 0.441818 2.87891
10.6 10.6905 0.446849 2.889
10.7 10.7904 0.451898 2.89913
10.8 10.8902 0.456965 2.90929
10.9 10.9901 0.462049 2.91948
11 11.09 0.467151 2.92971
11.1 11.1899 0.472271 2.93997
11.2 11.2897 0.477409 2.95028
11.3 11.3896 0.482565 2.96061
11.4 11.4895 0.487739 2.97098
11.5 11.5893 0.492931 2.98139
11.6 11.6892 0.498141 2.99183
11.7 11.7891 0.50337 3.00231
11.8 11.8889 0.508616 3.01283
11.9 11.9888 0.513881 3.02338
12 12.0886 0.519165 3.03397
12.1 12.1885 0.524467 3.04459
12.2 12.2884 0.529788 3.05525
12.3 12.3882 0.535127 3.06595
12.4 12.4881 0.540485 3.07669
12.5 12.5879 0.545861 3.08746
12.6 12.6878 0.551257 3.09827
12.7 12.7876 0.556671 3.10912
12.8 12.8875 0.562104 3.12
12.9 12.9873 0.567556 3.13092
13 13.0872 0.573028 3.14188
13.1 13.187 0.578518 3.15288
13.2 13.2869 0.584028 3.16392
13.3 13.3867 0.589557 3.17499
13.4 13.4866 0.595105 3.1861
13.5 13.5864 0.600672 3.19725
13.6 13.6863 0.606259 3.20844
13.7 13.7861 0.611866 3.21967
13.8 13.8859 0.617492 3.23094
13.9 13.9858 0.623138 3.24225
14 14.0856 0.628804 3.25359
14.1 14.1855 0.634489 3.26498
14.2 14.2853 0.640194 3.2764
14.3 14.3851 0.64592 3.28787
14.4 14.485 0.651665 3.29937
14.5 14.5848 0.65743 3.31091
14.6 14.6846 0.663216 3.3225
14.7 14.7845 0.669021 3.33412
14.8 14.8843 0.674847 3.34579
14.9 14.9841 0.680694 3.35749
15 15.084 0.686561 3.36924
15.1 15.1838 0.692448 3.38103
15.2 15.2836 0.698356 3.39285
15.3 15.3834 0.704284 3.40472
15.4 15.4833 0.710233 3.41663
15.5 15.5831 0.716203 3.42858
15.6 15.6829 0.722194 3.44057
15.7 15.7827 0.728206 3.45261
15.8 15.8825 0.734239 3.46469
15.9 15.9824 0.740293 3.4768
16 16.0822 0.746368 3.48896
16.1 16.182 0.752464 3.50117
16.2 16.2818 0.758581 3.51341
16.3 16.3816 0.76472 3.5257
16.4 16.4814 0.77088 3.53803
16.5 16.5812 0.777062 3.5504
16.6 16.681 0.783266 3.56282
16.7 16.7808 0.789491 3.57528
16.8 16.8806 0.795738 3.58778
16.9 16.9804 0.802006 3.60033
17 17.0802 0.808297 3.61292
17.1 17.18 0.814609 3.62555
17.2 17.2798 0.820944 3.63823
17.3 17.3796 0.827301 3.65095
17.4 17.4794 0.833679 3.66372
17.5 17.5792 0.840081 3.67653
17.6 17.679 0.846504 3.68938
17.7 17.7788 0.85295 3.70228
17.8 17.8786 0.859418 3.71523
17.9 17.9784 0.865909 3.72821
18 18.0782 0.872423 3.74125
18.1 18.178 0.87896 3.75433
18.2 18.2778 0.885519 3.76746
18.3 18.3775 0.892101 3.78063
18.4 18.4773 0.898706 3.79384
18.5 18.5771 0.905334 3.80711
18.6 18.6769 0.911986 3.82042
18.7 18.7767 0.91866 3.83377
18.8 18.8764 0.925358 3.84717
18.9 18.9762 0.932079 3.86062
19 19.076 0.938824 3.87412
19.1 19.1758 0.945592 3.88766
19.2 19.2755 0.952384 3.90125
19.3 19.3753 0.959199 3.91489
19.4 19.4751 0.966039 3.92857
19.5 19.5748 0.972902 3.9423
19.6 19.6746 0.979789 3.95608
19.7 19.7743 0.9867 3.96991
19.8 19.8741 0.993635 3.98379
19.9 19.9739 1.00059 3.99771
20 20.0736 1.00758 4.01168
20.1 20.1734 1.01459 4.02571
20.2 20.2731 1.02162 4.03978
20.3 20.3729 1.02868 4.0539
20.4 20.4726 1.03576 4.06806
20.5 20.5724 1.04286 4.08228
20.6 20.6721 1.05 4.09655
20.7 20.7719 1.05715 4.11087
20.8 20.8716 1.06433 4.12523
20.9 20.9713 1.07154 4.13965
21 21.0711 1.07877 4.15412
21.1 21.1708 1.08603 4.16863
21.2 21.2705 1.09331 4.1832
21.3 21.3703 1.10062 4.19782
21.4 21.47 1.10795 4.21249
21.5 21.5697 1.11531 4.22721
21.6 21.6695 1.12269 4.24198
21.7 21.7692 1.1301 4.2568
21.8 21.8689 1.13754 4.27168
21.9 21.9686 1.145 4.28661
22 22.0684 1.15249 4.30158
22.1 22.1681 1.16 4.31662
22.2 22.2678 1.16754 4.3317
22.3 22.3675 1.17511 4.34683
22.4 22.4672 1.1827 4.36202
22.5 22.5669 1.19032 4.37726
22.6 22.6666 1.19796 4.39256
22.7 22.7663 1.20564 4.40791
22.8 22.866 1.21333 4.42331
22.9 22.9657 1.22106 4.43876
23 23.0654 1.22881 4.45427
23.1 23.1651 1.23659 4.46983
23.2 23.2648 1.2444 4.48545
23.3 23.3645 1.25223 4.50112
23.4 23.4642 1.2601 4.51685
23.5 23.5639 1.26798 4.53263
23.6 23.6636 1.2759 4.54846
23.7 23.7633 1.28384 4.56435
23.8 23.863 1.29182 4.5803
23.9 23.9626 1.29982 4.5963
24 24.0623 1.30784 4.61236
24.1 24.162 1.3159 4.62847
24.2 24.2617 1.32398 4.64464
24.3 24.3613 1.33209 4.66086
24.4 24.461 1.34023 4.67714
24.5 24.5607 1.3484 4.69348
24.6 24.6603 1.3566 4.70988
24.7 24.76 1.36482 4.72633
24.8 24.8596 1.37308 4.74284
24.9 24.9593 1.38136 4.75941
25 25.059 1.38967 4.77603
25.1 25.1586 1.39801 4.79272
25.2 25.2583 1.40638 4.80946
25.3 25.3579 1.41478 4.82626
25.4 25.4575 1.42321 4.84311
25.5 25.5572 1.43167 4.86003
25.6 25.6568 1.44015 4.877
25.7 25.7565 1.44867 4.89404
25.8 25.8561 1.45722 4.91113
25.9 25.9557 1.46579 4.92828
26 26.0554 1.4744 4.9455
26.1 26.155 1.48303 4.96277
26.2 26.2546 1.4917 4.9801
26.3 26.3542 1.50039 4.9975
26.4 26.4539 1.50912 5.01495
26.5 26.5535 1.51788 5.03246
26.6 26.6531 1.52667 5.05004
26.7 26.7527 1.53548 5.06768
26.8 26.8523 1.54433 5.08537
26.9 26.9519 1.55321 5.10313
27 27.0515 1.56212 5.12095
27.1 27.1511 1.57106 5.13884
27.2 27.2507 1.58004 5.15678
27.3 27.3503 1.58904 5.17479
27.4 27.4499 1.59807 5.19286
27.5 27.5495 1.60714 5.211
27.6 27.6491 1.61624 5.22919
27.7 27.7486 1.62537 5.24745
27.8 27.8482 1.63453 5.26578
27.9 27.9478 1.64372 5.28416
28 28.0474 1.65295 5.30261
28.1 28.1469 1.66221 5.32113
28.2 28.2465 1.6715 5.33971
28.3 28.3461 1.68082 5.35835
28.4 28.4456 1.69017 5.37706
28.5 28.5452 1.69956 5.39584
28.6 28.6448 1.70898 5.41468
28.7 28.7443 1.71843 5.43358
28.8 28.8439 1.72792 5.45255
28.9 28.9434 1.73744 5.47159
29 29.0429 1.74699 5.4907
29.1 29.1425 1.75657 5.50987
29.2 29.242 1.76619 5.5291
29.3 29.3415 1.77584 5.5484
29.4 29.4411 1.78553 5.56778
29.5 29.5406 1.79525 5.58721
29.6 29.6401 1.805 5.60672
29.7 29.7396 1.81479 5.62629
29.8 29.8392 1.82461 5.64593
29.9 29.9387 1.83446 5.66564
30 30.0382 1.84435 5.68542
30.1 30.1377 1.85428 5.70527
30.2 30.2372 1.86424 5.72519
30.3 30.3367 1.87423 5.74517
30.4 30.4362 1.88426 5.76523
30.5 30.5357 1.89432 5.78535
30.6 30.6352 1.90442 5.80554
30.7 30.7347 1.91455 5.82581
30.8 30.8341 1.92472 5.84614
30.9 30.9336 1.93492 5.86655
31 31.0331 1.94516 5.88703
31.1 31.1326 1.95544 5.90758
31.2 31.232 1.96575 5.9282
31.3 31.3315 1.97609 5.94889
31.4 31.431 1.98647 5.96965
31.5 31.5304 1.99689 5.99048
31.6 31.6299 2.00735 6.01139
31.7 31.7293 2.01784 6.03237
31.8 31.8288 2.02836 6.05343
31.9 31.9282 2.03893 6.07455
32 32.0276 2.04953 6.09575
32.1 32.1271 2.06017 6.11703
32.2 32.2265 2.07084 6.13837
32.3 32.3259 2.08155 6.1598
32.4 32.4253 2.0923 6.18129
32.5 32.5248 2.10309 6.20286
32.6 32.6242 2.11391 6.22451
32.7 32.7236 2.12477 6.24623
32.8 32.823 2.13567 6.26803
32.9 32.9224 2.14661 6.2899
33 33.0218 2.15758 6.31185
33.1 33.1212 2.1686 6.33387
33.2 33.2206 2.17965 6.35597
33.3 33.3199 2.19074 6.37815
33.4 33.4193 2.20186 6.4004
33.5 33.5187 2.21303 6.42274
33.6 33.6181 2.22424 6.44515
33.7 33.7174 2.23548 6.46763
33.8 33.8168 2.24677 6.4902
33.9 33.9161 2.25809 6.51284
34 34.0155 2.26945 6.53557
34.1 34.1148 2.28085 6.55837
34.2 34.2142 2.29229 6.58125
34.3 34.3135 2.30377 6.60421
34.4 34.4129 2.3153 6.62725
34.5 34.5122 2.32686 6.65037
34.6 34.6115 2.33846 6.67357
34.7 34.7108 2.3501 6.69685
34.8 34.8102 2.36178 6.72021
34.9 34.9095 2.3735 6.74365
35 35.0088 2.38527 6.76718
35.1 35.1081 2.39707 6.79078
35.2 35.2074 2.40891 6.81447
35.3 35.3067 2.4208 6.83824
35.4 35.4059 2.43273 6.86209
35.5 35.5052 2.4447 6.88603
35.6 35.6045 2.45671 6.91005
35.7 35.7038 2.46876 6.93415
35.8 35.803 2.48085 6.95833
35.9 35.9023 2.49299 6.9826
36 36.0016 2.50517 7.00695
36.1 36.1008 2.51739 7.03139
36.2 36.2001 2.52965 7.05592
36.3 36.2993 2.54195 7.08052
36.4 36.3985 2.5543 7.10522
36.5 36.4978 2.56669 7.12999
36.6 36.597 2.57913 7.15486
36.7 36.6962 2.5916 7.17981
36.8 36.7954 2.60412 7.20485
36.9 36.8946 2.61669 7.22997
37 36.9938 2.62929 7.25518
37.1 37.093 2.64194 7.28048
37.2 37.1922 2.65464 7.30587
37.3 37.2914 2.66738 7.33134
37.4 37.3906 2.68016 7.3569
37.5 37.4897 2.69299 7.38256
37.6 37.5889 2.70586 7.4083
37.7 37.6881 2.71877 7.43413
37.8 37.7872 2.73173 7.46004
37.9 37.8864 2.74474 7.48605
38 37.9855 2.75779 7.51215
38.1 38.0847 2.77089 7.53834
38.2 38.1838 2.78403 7.56462
38.3 38.2829 2.79722 7.59099
38.4 38.382 2.81045 7.61746
38.5 38.4812 2.82373 7.64401
38.6 38.5803 2.83705 7.67066
38.7 38.6794 2.85042 7.6974
38.8 38.7785 2.86384 7.72423
38.9 38.8776 2.8773 7.75115
39 38.9766 2.89081 7.77817
39.1 39.0757 2.90437 7.80528
39.2 39.1748 2.91798 7.83249
39.3 39.2739 2.93163 7.85978
39.4 39.3729 2.94533 7.88718
39.5 39.472 2.95907 7.91467
39.6 39.571 2.97287 7.94225
39.7 39.67 2.98671 7.96993
39.8 39.7691 3.0006 7.99771
39.9 39.8681 3.01453 8.02558
40 39.9671 3.02852 8.05354
40.1 40.0661 3.04255 8.08161
40.2 40.1651 3.05664 8.10977
40.3 40.2641 3.07077 8.13803
40.4 40.3631 3.08495 8.16639
40.5 40.4621 3.09918 8.19484
40.6 40.5611 3.11345 8.2234
40.7 40.66 3.12778 8.25205
40.8 40.759 3.14216 8.2808
40.9 40.858 3.15659 8.30965
41 40.9569 3.17106 8.3386
41.1 41.0558 3.18559 8.36765
41.2 41.1548 3.20017 8.3968
41.3 41.2537 3.2148 8.42606
41.4 41.3526 3.22948 8.45541
41.5 41.4515 3.24421 8.48486
41.6 41.5504 3.25899 8.51442
41.7 41.6493 3.27382 8.54408
41.8 41.7482 3.2887 8.57384
41.9 41.8471 3.30363 8.6037
42 41.946 3.31862 8.63367
42.1 42.0448 3.33366 8.66374
42.2 42.1437 3.34875 8.69392
42.3 42.2425 3.36389 8.7242
42.4 42.3414 3.37908 8.75458
42.5 42.4402 3.39433 8.78507
42.6 42.539 3.40963 8.81566
42.7 42.6378 3.42498 8.84636
42.8 42.7366 3.44038 8.87717
42.9 42.8354 3.45584 8.90808
43 42.9342 3.47135 8.9391
43.1 43.033 3.48692 8.97023
43.2 43.1318 3.50254 9.00146
43.3 43.2305 3.51821 9.0328
43.4 43.3293 3.53394 9.06425
43.5 43.428 3.54972 9.09581
43.6 43.5268 3.56556 9.12748
43.7 43.6255 3.58145 9.15926
43.8 43.7242 3.59739 9.19114
43.9 43.8229 3.61339 9.22314
44 43.9216 3.62945 9.25524
44.1 44.0203 3.64556 9.28746
44.2 44.119 3.66172 9.31979
44.3 44.2177 3.67795 9.35223
44.4 44.3164 3.69422 9.38478
44.5 44.415 3.71056 9.41745
44.6 44.5137 3.72695 9.45022
44.7 44.6123 3.7434 9.48311
44.8 44.7109 3.7599 9.51612
44.9 44.8096 3.77646 9.54923
45 44.9082 3.79308 9.58247
45.1 45.0068 3.80976 9.61581
45.2 45.1054 3.82649 9.64927
45.3 45.2039 3.84328 9.68285
45.4 45.3025 3.86013 9.71654
45.5 45.4011 3.87703 9.75035
45.6 45.4996 3.894 9.78427
45.7 45.5982 3.91102 9.81832
45.8 45.6967 3.9281 9.85247
45.9 45.7952 3.94524 9.88675
46 45.8937 3.96244 9.92114
46.1 45.9922 3.9797 9.95566
46.2 46.0907 3.99702 9.99029
46.3 46.1892 4.0144 10.025
46.4 46.2877 4.03184 10.0599
46.5 46.3861 4.04933 10.0949
46.6 46.4846 4.06689 10.13
46.7 46.583 4.08451 10.1652
46.8 46.6814 4.10219 10.2006
46.9 46.7798 4.11993 10.2361
47 46.8782 4.13773 10.2717
47.1 46.9766 4.15559 10.3074
47.2 47.075 4.17351 10.3432
47.3 47.1734 4.1915 10.3792
47.4 47.2717 4.20955 10.4153
47.5 47.3701 4.22766 10.4515
47.6 47.4684 4.24583 10.4878
47.7 47.5667 4.26406 10.5243
47.8 47.665 4.28236 10.5609
47.9 47.7633 4.30072 10.5976
48 47.8616 4.31914 10.6344
48.1 47.9599 4.33763 10.6714
48.2 48.0582 4.35617 10.7085
48.3 48.1564 4.37479 10.7457
48.4 48.2547 4.39346 10.7831
48.5 48.3529 4.41221 10.8205
48.6 48.4511 4.43101 10.8581
48.7 48.5493 4.44988 10.8959
48.8 48.6475 4.46882 10.9337
48.9 48.7457 4.48782 10.9717
49 48.8439 4.50688 11.0099
49.1 48.942 4.52601 11.0481
49.2 49.0401 4.54521 11.0865
49.3 49.1383 4.56447 11.125
49.4 49.2364 4.5838 11.1637
49.5 49.3345 4.60319 11.2025
49.6 49.4326 4.62265 11.2414
49.7 49.5307 4.64218 11.2804
49.8 49.6287 4.66177 11.3196
49.9 49.7268 4.68144 11.3589
50 49.8248 4.70117 11.3984
50.1 49.9228 4.72096 11.438
50.2 50.0208 4.74083 11.4777
50.3 50.1188 4.76076 11.5175
50.4 50.2168 4.78076 11.5575
50.5 50.3148 4.80083 11.5977
50.6 50.4127 4.82097 11.6379
50.7 50.5107 4.84117 11.6784
50.8 50.6086 4.86145 11.7189
50.9 50.7065 4.8818 11.7596
51 50.8044 4.90221 11.8004
51.1 50.9023 4.9227 11.8414
51.2 51.0001 4.94325 11.8825
51.3 51.098 4.96388 11.9237
51.4 51.1958 4.98457 11.9651
51.5 51.2936 5.00534 12.0066
51.6 51.3914 5.02618 12.0483
51.7 51.4892 5.04709 12.0901
51.8 51.587 5.06807 12.1321
51.9 51.6848 5.08912 12.1742
52 51.7825 5.11025 12.2164
52.1 51.8802 5.13144 12.2588
52.2 51.9779 5.15271 12.3013
52.3 52.0756 5.17405 12.344
52.4 52.1733 5.19547 12.3868
52.5 52.271 5.21695 12.4298
52.6 52.3686 5.23852 12.4729
52.7 52.4663 5.26015 12.5162
52.8 52.5639 5.28186 12.5596
52.9 52.6615 5.30364 12.6032
53 52.7591 5.3255 12.6469
53.1 52.8566 5.34743 12.6907
53.2 52.9542 5.36944 12.7347
53.3 53.0517 5.39152 12.7789
53.4 53.1492 5.41367 12.8232
53.5 53.2467 5.4359 12.8676
53.6 53.3442 5.45821 12.9123
53.7 53.4417 5.4806 12.957
53.8 53.5391 5.50306 13.0019
53.9 53.6365 5.52559 13.047
54 53.7339 5.54821 13.0922
54.1 53.8313 5.5709 13.1376
54.2 53.9287 5.59366 13.1831
54.3 54.0261 5.61651 13.2288
54.4 54.1234 5.63943 13.2746
54.5 54.2207 5.66243 13.3206
54.6 54.318 5.68551 13.3668
54.7 54.4153 5.70867 13.4131
54.8 54.5126 5.73191 13.4596
54.9 54.6098 5.75522 13.5062
55 54.707 5.77862 13.553
55.1 54.8042 5.80209 13.5999
55.2 54.9014 5.82564 13.647
55.3 54.9986 5.84928 13.6943
55.4 55.0957 5.87299 13.7417
55.5 55.1929 5.89679 13.7893
55.6 55.29 5.92066 13.837
55.7 55.3871 5.94462 13.8849
55.8 55.4841 5.96866 13.933
55.9 55.5812 5.99278 13.9812
56 55.6782 6.01698 14.0296
56.1 55.7752 6.04126 14.0782
56.2 55.8722 6.06563 14.1269
56.3 55.9692 6.09007 14.1758
56.4 56.0661 6.11461 14.2248
56.5 56.163 6.13922 14.2741
56.6 56.2599 6.16392 14.3235
56.7 56.3568 6.1887 14.373
56.8 56.4537 6.21356 14.4227
56.9 56.5505 6.23851 14.4726
57 56.6473 6.26355 14.5227
57.1 56.7441 6.28867 14.5729
57.2 56.8409 6.31387 14.6233
57.3 56.9376 6.33916 14.6739
57.4 57.0344 6.36453 14.7246
57.5 57.1311 6.38999 14.7755
57.6 57.2278 6.41554 14.8266
57.7 57.3244 6.44117 14.8779
57.8 57.421 6.46689 14.9293
57.9 57.5177 6.4927 14.9809
58 57.6143 6.51859 15.0327
58.1 57.7108 6.54457 15.0846
58.2 57.8074 6.57064 15.1368
58.3 57.9039 6.59679 15.1891
58.4 58.0004 6.62304 15.2416
58.5 58.0968 6.64937 15.2942
58.6 58.1933 6.67579 15.3471
58.7 58.2897 6.70231 15.4001
58.8 58.3861 6.72891 15.4533
58.9 58.4825 6.7556 15.5066
59 58.5788 6.78238 15.5602
59.1 58.6752 6.80925 15.6139
59.2 58.7714 6.83621 15.6678
59.3 58.8677 6.86326 15.7219
59.4 58.964 6.8904 15.7762
59.5 59.0602 6.91763 15.8307
59.6 59.1564 6.94496 15.8853
59.7 59.2525 6.97238 15.9401
59.8 59.3487 6.99988 15.9951
59.9 59.4448 7.02749 16.0503
60 59.5409 7.05518 16.1057
60.1 59.637 7.08297 16.1613
60.2 59.733 7.11085 16.217
60.3 59.829 7.13882 16.273
60.4 59.925 7.16689 16.3291
60.5 60.0209 7.19505 16.3854
60.6 60.1169 7.22331 16.4419
60.7 60.2128 7.25166 16.4986
60.8 60.3086 7.28011 16.5555
60.9 60.4045 7.30865 16.6126
61 60.5003 7.33729 16.6699
61.1 60.5961 7.36602 16.7273
61.2 60.6918 7.39485 16.785
61.3 60.7875 7.42378 16.8428
61.4 60.8832 7.4528 16.9008
61.5 60.9789 7.48192 16.9591
61.6 61.0745 7.51114 17.0175
61.7 61.1701 7.54045 17.0761
61.8 61.2657 7.56987 17.1349
61.9 61.3613 7.59938 17.194
62 61.4568 7.62899 17.2532
62.1 61.5523 7.6587 17.3126
62.2 61.6477 7.68851 17.3722
62.3 61.7431 7.71841 17.432
62.4 61.8385 7.74842 17.492
62.5 61.9339 7.77853 17.5522
62.6 62.0292 7.80873 17.6126
62.7 62.1245 7.83904 17.6732
62.8 62.2198 7.86945 17.734
62.9 62.315 7.89996 17.795
63 62.4102 7.93057 17.8563
63.1 62.5054 7.96129 17.9177
63.2 62.6005 7.9921 17.9793
63.3 62.6956 8.02302 18.0411
63.4 62.7907 8.05404 18.1032
63.5 62.8857 8.08517 18.1654
63.6 62.9807 8.1164 18.2278
63.7 63.0757 8.14773 18.2905
63.8 63.1706 8.17916 18.3534
63.9 63.2655 8.2107 18.4164
64 63.3604 8.24235 18.4797
64.1 63.4552 8.2741 18.5432
64.2 63.55 8.30595 18.6069
64.3 63.6447 8.33791 18.6708
64.4 63.7395 8.36998 18.7349
64.5 63.8341 8.40215 18.7993
64.6 63.9288 8.43443 18.8638
64.7 64.0234 8.46681 18.9286
64.8 64.118 8.4993 18.9935
64.9 64.2125 8.5319 19.0587
65 64.307 8.56461 19.1241
65.1 64.4015 8.59743 19.1898
65.2 64.4959 8.63035 19.2556
65.3 64.5903 8.66338 19.3217
65.4 64.6846 8.69652 19.3879
65.5 64.7789 8.72978 19.4544
65.6 64.8732 8.76314 19.5211
65.7 64.9674 8.79661 19.5881
65.8 65.0616 8.83019 19.6552
65.9 65.1558 8.86388 19.7226
66 65.2499 8.89768 19.7902
66.1 65.344 8.93159 19.858
66.2 65.438 8.96562 19.926
66.3 65.532 8.99975 19.9943
66.4 65.626 9.034 20.0628
66.5 65.7199 9.06836 20.1315
66.6 65.8137 9.10284 20.2004
66.7 65.9076 9.13742 20.2696
66.8 66.0014 9.17213 20.339
66.9 66.0951 9.20694 20.4086
67 66.1888 9.24187 20.4785
67.1 66.2825 9.27691 20.5485
67.2 66.3761 9.31207 20.6188
67.3 66.4697 9.34734 20.6894
67.4 66.5632 9.38273 20.7601
67.5 66.6567 9.41823 20.8311
67.6 66.7501 9.45385 20.9024
67.7 66.8435 9.48959 20.9738
67.8 66.9369 9.52544 21.0455
67.9 67.0302 9.56141 21.1175
68 67.1234 9.59749 21.1896
68.1 67.2166 9.6337 21.262
68.2 67.3098 9.67002 21.3347
68.3 67.4029 9.70646 21.4075
68.4 67.496 9.74302 21.4806
68.5 67.589 9.7797 21.554
68.6 67.682 9.8165 21.6276
68.7 67.775 9.85341 21.7014
68.8 67.8679 9.89045 21.7755
68.9 67.9607 9.92761 21.8498
69 68.0535 9.96488 21.9243
69.1 68.1462 10.0023 21.9991
69.2 68.2389 10.0398 22.0741
69.3 68.3316 10.0774 22.1494
69.4 68.4242 10.1152 22.2249
69.5 68.5167 10.1531 22.3007
69.6 68.6092 10.1911 22.3767
69.7 68.7017 10.2292 22.4529
69.8 68.794 10.2675 22.5294
69.9 68.8864 10.3059 22.6062
70 68.9787 10.3444 22.6832
70.1 69.0709 10.383 22.7604
70.2 69.1631 10.4217 22.8379
70.3 69.2552 10.4606 22.9156
70.4 69.3473 10.4996 22.9936
70.5 69.4393 10.5387 23.0719
70.6 69.5313 10.578 23.1503
70.7 69.6232 10.6174 23.2291
70.8 69.7151 10.6569 23.3081
70.9 69.8069 10.6965 23.3873
71 69.8987 10.7363 23.4668
71.1 69.9904 10.7761 23.5466
71.2 70.082 10.8162 23.6266
71.3 70.1736 10.8563 23.7069
71.4 70.2652 10.8966 23.7874
71.5 70.3566 10.937 23.8682
71.6 70.448 10.9775 23.9493
71.7 70.5394 11.0182 24.0306
71.8 70.6307 11.0589 24.1121
71.9 70.722 11.0999 24.1939
72 70.8131 11.1409 24.276
72.1 70.9043 11.1821 24.3584
72.2 70.9953 11.2234 24.441
72.3 71.0864 11.2648 24.5239
72.4 71.1773 11.3064 24.607
72.5 71.2682 11.3481 24.6904
72.6 71.359 11.39 24.7741
72.7 71.4498 11.4319 24.858
72.8 71.5405 11.474 24.9422
72.9 71.6311 11.5163 25.0266
73 71.7217 11.5586 25.1114
73.1 71.8122 11.6011 25.1964
73.2 71.9027 11.6438 25.2816
73.3 71.9931 11.6866 25.3672
73.4 72.0834 11.7295 25.453
73.5 72.1737 11.7725 25.5391
73.6 72.2639 11.8157 25.6254
73.7 72.354 11.859 25.712
73.8 72.4441 11.9025 25.7989
73.9 72.5341 11.946 25.8861
74 72.624 11.9898 25.9735
74.1 72.7139 12.0336 26.0612
74.2 72.8037 12.0776 26.1492
74.3 72.8934 12.1218 26.2375
74.4 72.983 12.1661 26.3261
74.5 73.0726 12.2105 26.4149
74.6 73.1622 12.255 26.504
74.7 73.2516 12.2997 26.5934
74.8 73.341 12.3446 26.683
74.9 73.4303 12.3895 26.773
75 73.5196 12.4347 26.8632
75.1 73.6087 12.4799 26.9537
75.2 73.6978 12.5253 27.0445
75.3 73.7869 12.5708 27.1355
75.4 73.8758 12.6165 27.2269
75.5 73.9647 12.6623 27.3185
75.6 74.0535 12.7083 27.4104
75.7 74.1423 12.7544 27.5026
75.8 74.2309 12.8007 27.5951
75.9 74.3195 12.8471 27.6879
76 74.408 12.8936 27.781
76.1 74.4965 12.9403 27.8743
76.2 74.5848 12.9871 27.9679
76.3 74.6731 13.0341 28.0619
76.4 74.7613 13.0812 28.1561
76.5 74.8494 13.1285 28.2506
76.6 74.9375 13.1759 28.3454
76.7 75.0254 13.2234 28.4405
76.8 75.1133 13.2711 28.5359
76.9 75.2012 13.3189 28.6315
77 75.2889 13.3669 28.7275
77.1 75.3765 13.4151 28.8238
77.2 75.4641 13.4634 28.9203
77.3 75.5516 13.5118 29.0172
77.4 75.639 13.5604 29.1143
77.5 75.7263 13.6091 29.2118
77.6 75.8136 13.658 29.3095
77.7 75.9007 13.707 29.4076
77.8 75.9878 13.7562 29.5059
77.9 76.0748 13.8055 29.6046
78 76.1617 13.855 29.7035
78.1 76.2485 13.9046 29.8027
78.2 76.3352 13.9544 29.9023
78.3 76.4219 14.0043 30.0021
78.4 76.5084 14.0544 30.1023
78.5 76.5949 14.1046 30.2027
78.6 76.6813 14.155 30.3035
78.7 76.7676 14.2055 30.4045
78.8 76.8538 14.2562 30.5059
78.9 76.9399 14.3071 30.6075
79 77.0259 14.3581 30.7095
79.1 77.1119 14.4092 30.8118
79.2 77.1977 14.4605 30.9144
79.3 77.2834 14.512 31.0173
79.4 77.3691 14.5636 31.1205
79.5 77.4547 14.6153 31.224
79.6 77.5401 14.6672 31.3278
79.7 77.6255 14.7193 31.4319
79.8 77.7108 14.7715 31.5364
79.9 77.796 14.8239 31.6411
80 77.881 14.8765 31.7462
80.1 77.966 14.9292 31.8516
80.2 78.0509 14.982 31.9572
80.3 78.1357 15.035 32.0632
80.4 78.2204 15.0882 32.1696
80.5 78.305 15.1415 32.2762
80.6 78.3895 15.195 32.3831
80.7 78.4739 15.2486 32.4904
80.8 78.5582 15.3024 32.598
80.9 78.6424 15.3564 32.7059
81 78.7265 15.4105 32.8141
81.1 78.8105 15.4647 32.9226
81.2 78.8944 15.5192 33.0315
81.3 78.9782 15.5738 33.1406
81.4 79.0619 15.6285 33.2501
81.5 79.1454 15.6834 33.3599
81.6 79.2289 15.7385 33.47
81.7 79.3123 15.7937 33.5805
81.8 79.3955 15.8491 33.6913
81.9 79.4787 15.9047 33.8023
82 79.5617 15.9604 33.9138
82.1 79.6447 16.0163 34.0255
82.2 79.7275 16.0723 34.1376
82.3 79.8102 16.1285 34.2499
82.4 79.8928 16.1848 34.3627
82.5 79.9753 16.2414 34.4757
82.6 80.0577 16.2981 34.589
82.7 80.1399 16.3549 34.7027
82.8 80.2221 16.4119 34.8167
82.9 80.3041 16.4691 34.9311
83 80.3861 16.5264 35.0458
83.1 80.4679 16.5839 35.1608
83.2 80.5496 16.6416 35.2761
83.3 80.6311 16.6994 35.3917
83.4 80.7126 16.7574 35.5077
83.5 80.794 16.8156 35.624
83.6 80.8752 16.8739 35.7407
83.7 80.9563 16.9324 35.8577
83.8 81.0373 16.9911 35.975
83.9 81.1181 17.0499 36.0926
84 81.1989 17.1089 36.2106
84.1 81.2795 17.1681 36.3289
84.2 81.36 17.2274 36.4475
84.3 81.4404 17.2869 36.5665
84.4 81.5207 17.3465 36.6858
84.5 81.6008 17.4064 36.8054
84.6 81.6808 17.4664 36.9254
84.7 81.7607 17.5265 37.0457
84.8 81.8404 17.5869 37.1664
84.9 81.92 17.6474 37.2873
85 81.9995 17.708 37.4087
85.1 82.0789 17.7689 37.5303
85.2 82.1581 17.8299 37.6523
85.3 82.2373 17.891 37.7746
85.4 82.3162 17.9524 37.8973
85.5 82.3951 18.0139 38.0203
85.6 82.4738 18.0756 38.1436
85.7 82.5524 18.1374 38.2673
85.8 82.6308 18.1994 38.3913
85.9 82.7091 18.2616 38.5157
86 82.7873 18.324 38.6404
86.1 82.8653 18.3865 38.7655
86.2 82.9433 18.4492 38.8908
86.3 83.021 18.5121 39.0166
86.4 83.0986 18.5751 39.1426
86.5 83.1761 18.6383 39.269
86.6 83.2535 18.7017 39.3958
86.7 83.3307 18.7652 39.5229
86.8 83.4078 18.829 39.6503
86.9 83.4847 18.8929 39.7781
87 83.5615 18.9569 39.9062
87.1 83.6381 19.0212 40.0347
87.2 83.7146 19.0856 40.1635
87.3 83.7909 19.1502 40.2926
87.4 83.8671 19.2149 40.4221
87.5 83.9432 19.2799 40.552
87.6 84.0191 19.3449 40.6822
87.7 84.0949 19.4102 40.8127
87.8 84.1705 19.4757 40.9436
87.9 84.2459 19.5413 41.0748
88 84.3212 19.6071 41.2064
88.1 84.3964 19.673 41.3383
88.2 84.4714 19.7392 41.4705
88.3 84.5463 19.8055 41.6031
88.4 84.621 19.872 41.7361
88.5 84.6955 19.9386 41.8694
88.6 84.7699 20.0055 42.003
88.7 84.8441 20.0725 42.137
88.8 84.9182 20.1396 42.2714
88.9 84.9921 20.207 42.4061
89 85.0659 20.2745 42.5411
89.1 85.1395 20.3422 42.6765
89.2 85.2129 20.4101 42.8122
89.3 85.2862 20.4781 42.9483
89.4 85.3593 20.5464 43.0847
89.5 85.4323 20.6147 43.2215
89.6 85.5051 20.6833 43.3586
89.7 85.5777 20.7521 43.4961
89.8 85.6501 20.821 43.6339
89.9 85.7224 20.8901 43.7721
90 85.7946 20.9593 43.9106
90.1 85.8665 21.0288 44.0495
90.2 85.9383 21.0984 44.1887
90.3 86.0099 21.1682 44.3283
90.4 86.0814 21.2381 44.4682
90.5 86.1527 21.3083 44.6084
90.6 86.2238 21.3786 44.749
90.7 86.2947 21.4491 44.89
90.8 86.3655 21.5197 45.0313
90.9 86.436 21.5906 45.173
91 86.5065 21.6616 45.315
91.1 86.5767 21.7328 45.4573
91.2 86.6467 21.8041 45.6001
91.3 86.7166 21.8757 45.7431
91.4 86.7863 21.9474 45.8865
91.5 86.8558 22.0193 46.0303
91.6 86.9252 22.0913 46.1744
91.7 86.9943 22.1636 46.3188
91.8 87.0633 22.236 46.4636
91.9 87.1321 22.3085 46.6088
92 87.2007 22.3813 46.7543
92.1 87.2691 22.4542 46.9001
92.2 87.3374 22.5273 47.0463
92.3 87.4054 22.6006 47.1928
92.4 87.4733 22.6741 47.3397
92.5 87.5409 22.7477 47.487
92.6 87.6084 22.8215 47.6346
92.7 87.6757 22.8955 47.7825
92.8 87.7428 22.9696 47.9308
92.9 87.8097 23.0439 48.0794
93 87.8764 23.1184 48.2284
93.1 87.9429 23.1931 48.3777
93.2 88.0093 23.2679 48.5274
93.3 88.0754 23.3429 48.6774
93.4 88.1413 23.4181 48.8277
93.5 88.2071 23.4935 48.9784
93.6 88.2726 23.569 49.1295
93.7 88.3379 23.6447 49.2809
93.8 88.4031 23.7206 49.4326
93.9 88.468 23.7967 49.5847
94 88.5327 23.8729 49.7372
94.1 88.5973 23.9493 49.8899
94.2 88.6616 24.0258 50.0431
94.3 88.7257 24.1026 50.1965
94.4 88.7896 24.1795 50.3503
94.5 88.8533 24.2566 50.5045
94.6 88.9168 24.3338 50.659
94.7 88.9801 24.4112 50.8138
94.8 89.0432 24.4888 50.969
94.9 89.1061 24.5666 51.1245
95 89.1687 24.6445 51.2804
95.1 89.2312 24.7227 51.4366
95.2 89.2934 24.8009 51.5931
95.3 89.3554 24.8794 51.75
95.4 89.4172 24.958 51.9072
95.5 89.4788 25.0368 52.0648
95.6 89.5402 25.1157 52.2227
95.7 89.6013 25.1949 52.3809
95.8 89.6623 25.2741 52.5395
95.9 89.723 25.3536 52.6984
96 89.7835 25.4332 52.8576
96.1 89.8437 25.513 53.0172
96.2 89.9038 25.593 53.1771
96.3 89.9636 25.6731 53.3374
96.4 90.0232 25.7534 53.498
96.5 90.0826 25.8339 53.6589
96.6 90.1417 25.9145 53.8201
96.7 90.2006 25.9953 53.9817
96.8 90.2593 26.0763 54.1436
96.9 90.3178 26.1574 54.3059
97 90.376 26.2387 54.4685
97.1 90.434 26.3202 54.6314
97.2 90.4918 26.4018 54.7946
97.3 90.5493 26.4836 54.9582
97.4 90.6066 26.5656 55.1221
97.5 90.6637 26.6477 55.2863
97.6 90.7205 26.73 55.4509
97.7 90.7771 26.8124 55.6158
97.8 90.8335 26.895 55.781
97.9 90.8896 26.9778 55.9465
98 90.9455 27.0607 56.1123
98.1 91.0011 27.1438 56.2785
98.2 91.0565 27.2271 56.445
98.3 91.1116 27.3105 56.6118
98.4 91.1666 27.3941 56.779
98.5 91.2212 27.4778 56.9464
98.6 91.2756 27.5617 57.1142
98.7 91.3298 27.6458 57.2823
98.8 91.3837 27.73 57.4507
98.9 91.4374 27.8143 57.6195
99 91.4908 27.8989 57.7885
99.1 91.544 27.9836 57.9579
99.2 91.597 28.0684 58.1276
99.3 91.6496 28.1534 58.2975
99.4 91.7021 28.2386 58.4678
99.5 91.7542 28.3239 58.6385
99.6 91.8061 28.4093 58.8094
99.7 91.8578 28.495 58.9806
99.8 91.9092 28.5807 59.1522
99.9 91.9604 28.6667 59.324
100 92.0112 28.7528 59.4962
100.1 92.0619 28.839 59.6686
100.2 92.1122 28.9254 59.8414
100.3 92.1624 29.0119 60.0145
100.4 92.2122 29.0986 60.1878
100.5 92.2618 29.1854 60.3615
100.6 92.3111 29.2724 60.5355
100.7 92.3602 29.3596 60.7097
100.8 92.409 29.4469 60.8843
100.9 92.4575 29.5343 61.0592
101 92.5057 29.6219 61.2343
101.1 92.5537 29.7096 61.4098
101.2 92.6015 29.7975 61.5855
101.3 92.6489 29.8855 61.7616
101.4 92.6961 29.9737 61.9379
101.5 92.743 30.062 62.1145
101.6 92.7896 30.1505 62.2914
101.7 92.836 30.2391 62.4686
101.8 92.8821 30.3278 62.6461
101.9 92.9279 30.4167 62.8239
102 92.9734 30.5058 63.0019
102.1 93.0187 30.5949 63.1803
102.2 93.0637 30.6842 63.3589
102.3 93.1084 30.7737 63.5378
102.4 93.1528 30.8633 63.717
102.5 93.1969 30.953 63.8964
102.6 93.2408 31.0429 64.0761
102.7 93.2844 31.1329 64.2562
102.8 93.3276 31.223 64.4364
102.9 93.3707 31.3133 64.617
103 93.4134 31.4037 64.7978
103.1 93.4558 31.4943 64.9789
103.2 93.498 31.585 65.1602
103.3 93.5398 31.6758 65.3419
103.4 93.5814 31.7667 65.5237
103.5 93.6227 31.8578 65.7059
103.6 93.6637 31.949 65.8883
103.7 93.7044 32.0404 66.071
103.8 93.7448 32.1318 66.2539
103.9 93.7849 32.2234 66.4371
104 93.8248 32.3151 66.6205
104.1 93.8643 32.407 66.8042
104.2 93.9035 32.499 66.9882
104.3 93.9425 32.5911 67.1724
104.4 93.9811 32.6833 67.3568
104.5 94.0195 32.7757 67.5415
104.6 94.0575 32.8681 67.7265
104.7 94.0953 32.9607 67.9117
104.8 94.1327 33.0535 68.0971
104.9 94.1699 33.1463 68.2828
105 94.2068 33.2393 68.4687
105.1 94.2433 33.3324 68.6548
105.2 94.2796 33.4256 68.8412
105.3 94.3155 33.5189 69.0279
105.4 94.3511 33.6123 69.2147
105.5 94.3865 33.7059 69.4018
105.6 94.4215 33.7995 69.5891
105.7 94.4562 33.8933 69.7767
105.8 94.4906 33.9872 69.9645
105.9 94.5247 34.0812 70.1525
106 94.5585 34.1753 70.3407
106.1 94.592 34.2695 70.5291
106.2 94.6252 34.3639 70.7178
106.3 94.6581 34.4583 70.9067
106.4 94.6906 34.5529 71.0958
106.5 94.7229 34.6475 71.2851
106.6 94.7548 34.7423 71.4746
106.7 94.7864 34.8372 71.6643
106.8 94.8177 34.9321 71.8543
106.9 94.8487 35.0272 72.0444
107 94.8794 35.1224 72.2348
107.1 94.9097 35.2177 72.4253
107.2 94.9398 35.3131 72.6161
107.3 94.9695 35.4086 72.8071
107.4 94.9989 35.5041 72.9982
107.5 95.028 35.5998 73.1896
107.6 95.0567 35.6956 73.3811
107.7 95.0852 35.7915 73.5728
107.8 95.1133 35.8874 73.7648
107.9 95.1411 35.9835 73.9569
108 95.1686 36.0796 74.1492
108.1 95.1957 36.1759 74.3417
108.2 95.2225 36.2722 74.5343
108.3 95.249 36.3686 74.7272
108.4 95.2752 36.4652 74.9202
108.5 95.3011 36.5618 75.1134
108.6 95.3266 36.6584 75.3067
108.7 95.3518 36.7552 75.5003
108.8 95.3767 36.8521 75.694
108.9 95.4012 36.949 75.8879
109 95.4254 37.046 76.0819
109.1 95.4493 37.1431 76.2761
109.2 95.4729 37.2403 76.4705
109.3 95.4961 37.3376 76.665
109.4 95.519 37.4349 76.8597
109.5 95.5416 37.5324 77.0545
109.6 95.5638 37.6298 77.2495
109.7 95.5857 37.7274 77.4446
109.8 95.6073 37.8251 77.6399
109.9 95.6285 37.9228 77.8354
110 95.6494 38.0206 78.0309
110.1 95.67 38.1184 78.2267
110.2 95.6903 38.2164 78.4225
110.3 95.7102 38.3144 78.6185
110.4 95.7297 38.4124 78.8146
110.5 95.749 38.5106 79.0109
110.6 95.7678 38.6088 79.2073
110.7 95.7864 38.707 79.4038
110.8 95.8046 38.8054 79.6005
110.9 95.8225 38.9037 79.7972
111 95.8401 39.0022 79.9941
111.1 95.8573 39.1007 80.1911
111.2 95.8741 39.1993 80.3883
111.3 95.8907 39.2979 80.5855
111.4 95.9068 39.3966 80.7829
111.5 95.9227 39.4953 80.9803
111.6 95.9382 39.5941 81.1779
111.7 95.9534 39.693 81.3756
111.8 95.9682 39.7918 81.5734
111.9 95.9827 39.8908 81.7713
112 95.9968 39.9898 81.9693
112.1 96.0106 40.0888 82.1674
112.2 96.0241 40.1879 82.3655
112.3 96.0372 40.2871 82.5638
112.4 96.05 40.3862 82.7622
112.5 96.0624 40.4855 82.9606
112.6 96.0745 40.5847 83.1591
112.7 96.0862 40.684 83.3578
112.8 96.0976 40.7834 83.5565
112.9 96.1087 40.8828 83.7552
113 96.1194 40.9822 83.9541
113.1 96.1297 41.0817 84.153
113.2 96.1397 41.1812 84.352
113.3 96.1494 41.2807 84.551
113.4 96.1587 41.3803 84.7502
113.5 96.1677 41.4799 84.9494
113.6 96.1763 41.5795 85.1486
113.7 96.1846 41.6791 85.3479
113.8 96.1926 41.7788 85.5473
113.9 96.2001 41.8785 85.7467
114 96.2074 41.9783 85.9462
114.1 96.2143 42.078 86.1457
114.2 96.2208 42.1778 86.3453
114.3 96.227 42.2776 86.5449
114.4 96.2329 42.3775 86.7446
114.5 96.2384 42.4773 86.9443
114.6 96.2435 42.5772 87.144
114.7 96.2484 42.6771 87.3438
114.8 96.2528 42.777 87.5436
114.9 96.2569 42.8769 87.7434
115 96.2607 42.9768 87.9432
115.1 96.2641 43.0768 88.1431
115.2 96.2672 43.1767 88.343
115.3 96.2699 43.2767 88.543
115.4 96.2723 43.3766 88.7429
115.5 96.2743 43.4766 88.9429
115.6 96.2759 43.5766 89.1428
115.7 96.2773 43.6766 89.3428
115.8 96.2782 43.7766 89.5428
115.9 96.2789 43.8766 89.7428
116 96.2791 43.9766 89.9428
116.1 96.2791 44.0766 90.1428
116.2 96.2786 44.1766 90.3428
116.3 96.2779 44.2766 90.5428
116.4 96.2767 44.3766 90.7428
116.5 96.2753 44.4766 90.9428
116.6 96.2735 44.5766 91.1427
116.7 96.2713 44.6765 91.3427
116.8 96.2688 44.7765 91.5426
116.9 96.2659 44.8765 91.7426
117 96.2627 44.9764 91.9424
117.1 96.2591 45.0764 92.1423
117.2 96.2552 45.1763 92.3422
117.3 96.251 45.2762 92.542
117.4 96.2463 45.3761 92.7418
117.5 96.2414 45.476 92.9415
117.6 96.2361 45.5758 93.1413
117.7 96.2304 45.6757 93.3409
117.8 96.2244 45.7755 93.5406
117.9 96.2181 45.8753 93.7402
118 96.2114 45.9751 93.9397
118.1 96.2043 46.0748 94.1392
118.2 96.1969 46.1745 94.3387
118.3 96.1892 46.2742 94.5381
118.4 96.1811 46.3739 94.7374
118.5 96.1727 46.4735 94.9367
118.6 96.1639 46.5732 95.136
118.7 96.1548 46.6727 95.3351
118.8 96.1453 46.7723 95.5342
118.9 96.1355 46.8718 95.7333
119 96.1253 46.9713 95.9322
119.1 96.1148 47.0707 96.1311
119.2 96.104 47.1702 96.33
119.3 96.0928 47.2695 96.5287
119.4 96.0812 47.3689 96.7274
119.5 96.0693 47.4681 96.926
119.6 96.0571 47.5674 97.1245
119.7 96.0445 47.6666 97.3229
119.8 96.0316 47.7658 97.5212
119.9 96.0184 47.8649 97.7194
120 96.0048 47.964 97.9176
120.1 95.9908 48.063 98.1156
120.2 95.9765 48.162 98.3136
120.3 95.9619 48.2609 98.5114
120.4 95.9469 48.3598 98.7092
120.5 95.9316 48.4586 98.9068
120.6 95.916 48.5573 99.1044
120.7 95.9 48.6561 99.3018
120.8 95.8836 48.7547 99.4991
120.9 95.867 48.8533 99.6963
121 95.8499 48.9519 99.8934
121.1 95.8326 49.0503 100.09
121.2 95.8149 49.1488 100.287
121.3 95.7969 49.2471 100.484
121.4 95.7785 49.3454 100.681
121.5 95.7598 49.4437 100.877
121.6 95.7408 49.5418 101.073
121.7 95.7214 49.6399 101.27
121.8 95.7017 49.738 101.466
121.9 95.6816 49.8359 101.662
122 95.6613 49.9338 101.857
122.1 95.6405 50.0317 102.053
122.2 95.6195 50.1294 102.249
122.3 95.5981 50.2271 102.444
122.4 95.5764 50.3247 102.639
122.5 95.5544 50.4223 102.834
122.6 95.532 50.5197 103.029
122.7 95.5093 50.6171 103.224
122.8 95.4862 50.7144 103.419
122.9 95.4628 50.8117 103.613
123 95.4391 50.9088 103.807
123.1 95.4151 51.0059 104.002
123.2 95.3908 51.1029 104.196
123.3 95.3661 51.1998 104.389
123.4 95.3411 51.2966 104.583
123.5 95.3157 51.3933 104.777
123.6 95.29 51.49 104.97
123.7 95.2641 51.5866 105.163
123.8 95.2377 51.683 105.356
123.9 95.2111 51.7794 105.549
124 95.1841 51.8757 105.741
124.1 95.1568 51.9719 105.934
124.2 95.1292 52.068 106.126
124.3 95.1013 52.1641 106.318
124.4 95.073 52.26 106.51
124.5 95.0444 52.3558 106.702
124.6 95.0155 52.4515 106.893
124.7 94.9863 52.5472 107.084
124.8 94.9568 52.6427 107.275
124.9 94.9269 52.7382 107.466
125 94.8968 52.8335 107.657
125.1 94.8663 52.9287 107.847
125.2 94.8355 53.0239 108.038
125.3 94.8043 53.1189 108.228
125.4 94.7729 53.2138 108.418
125.5 94.7412 53.3087 108.607
125.6 94.7091 53.4034 108.797
125.7 94.6767 53.498 108.986
125.8 94.644 53.5925 109.175
125.9 94.611 53.6869 109.364
126 94.5777 53.7812 109.552
126.1 94.5441 53.8754 109.741
126.2 94.5102 53.9694 109.929
126.3 94.4759 54.0634 110.117
