s | x | z | theta
0 0.1 0 2
0.1 0.199909 0.00523492 2.01832
0.2 0.299846 0.0087728 1.91325
0.3 0.399793 0.0120198 1.95856
0.4 0.499734 0.015477 1.98578
0.5 0.599673 0.0189659 2.0086
0.6 0.699611 0.0224907 2.02862
0.7 0.799547 0.026048 2.04689
0.8 0.899483 0.0296357 2.06402
0.9 0.999418 0.0332522 2.08035
1 1.09935 0.0368966 2.09612
1.1 1.19928 0.0405679 2.11149
1.2 1.29922 0.0442657 2.12657
1.3 1.39915 0.0479896 2.14144
1.4 1.49908 0.0517392 2.15616
1.5 1.599 0.0555144 2.17077
1.6 1.69893 0.0593149 2.18531
1.7 1.79886 0.0631407 2.19979
1.8 1.89878 0.0669918 2.21426
1.9 1.99871 0.070868 2.22871
2 2.09863 0.0747695 2.24316
2.1 2.19856 0.0786961 2.25763
2.2 2.29848 0.0826481 2.27213
2.3 2.3984 0.0866253 2.28666
2.4 2.49832 0.0906278 2.30123
2.5 2.59824 0.0946559 2.31584
2.6 2.69816 0.0987094 2.33051
2.7 2.79807 0.102789 2.34523
2.8 2.89799 0.106893 2.36001
2.9 2.9979 0.111024 2.37485
3 3.09782 0.115181 2.38976
3.1 3.19773 0.119364 2.40473
3.2 3.29764 0.123572 2.41978
3.3 3.39755 0.127808 2.4349
3.4 3.49746 0.132069 2.45009
3.5 3.59737 0.136357 2.46537
3.6 3.69727 0.140672 2.48072
3.7 3.79718 0.145014 2.49615
3.8 3.89708 0.149383 2.51166
3.9 3.99699 0.153778 2.52726
4 4.09689 0.158201 2.54294
4.1 4.19679 0.162652 2.55871
4.2 4.29669 0.16713 2.57456
4.3 4.39659 0.171636 2.59051
4.4 4.49649 0.176169 2.60654
4.5 4.59638 0.180731 2.62266
4.6 4.69628 0.185321 2.63888
4.7 4.79617 0.189939 2.65519
4.8 4.89606 0.194586 2.67159
4.9 4.99595 0.199261 2.68808
5 5.09584 0.203966 2.70468
5.1 5.19573 0.208699 2.72136
5.2 5.29562 0.213461 2.73815
5.3 5.3955 0.218253 2.75503
5.4 5.49539 0.223074 2.77201
5.5 5.59527 0.227925 2.7891
5.6 5.69515 0.232806 2.80628
5.7 5.79503 0.237717 2.82356
5.8 5.89491 0.242658 2.84095
5.9 5.99478 0.24763 2.85844
6 6.09466 0.252632 2.87603
6.1 6.19453 0.257665 2.89373
6.2 6.2944 0.262728 2.91153
6.3 6.39427 0.267823 2.92944
6.4 6.49414 0.272949 2.94745
6.5 6.59401 0.278107 2.96558
6.6 6.69387 0.283297 2.98381
6.7 6.79374 0.288518 3.00215
6.8 6.8936 0.293771 3.0206
6.9 6.99346 0.299057 3.03916
7 7.09332 0.304375 3.05784
7.1 7.19317 0.309725 3.07662
7.2 7.29303 0.315109 3.09552
7.3 7.39288 0.320525 3.11453
7.4 7.49273 0.325975 3.13366
7.5 7.59258 0.331458 3.1529
7.6 7.69243 0.336975 3.17226
7.7 7.79228 0.342526 3.19174
7.8 7.89212 0.348111 3.21133
7.9 7.99196 0.35373 3.23104
8 8.0918 0.359383 3.25088
8.1 8.19164 0.365071 3.27083
8.2 8.29148 0.370794 3.2909
8.3 8.39131 0.376552 3.31109
8.4 8.49114 0.382345 3.33141
8.5 8.59097 0.388174 3.35185
8.6 8.6908 0.394039 3.37241
8.7 8.79063 0.399939 3.3931
8.8 8.89045 0.405876 3.41391
8.9 8.99027 0.411849 3.43485
9 9.09009 0.417858 3.45591
9.1 9.18991 0.423905 3.47711
9.2 9.28972 0.429988 3.49843
9.3 9.38954 0.436109 3.51988
9.4 9.48935 0.442267 3.54147
9.5 9.58915 0.448463 3.56318
9.6 9.68896 0.454697 3.58502
9.7 9.78876 0.460969 3.607
9.8 9.88856 0.467279 3.62912
9.9 9.98836 0.473628 3.65136
10 10.0882 0.480016 3.67374
10.1 10.1879 0.486443 3.69626
10.2 10.2877 0.492909 3.71892
10.3 10.3875 0.499415 3.74171
10.4 10.4873 0.505961 3.76464
10.5 10.5871 0.512547 3.78771
10.6 10.6869 0.519173 3.81092
10.7 10.7867 0.525839 3.83428
10.8 10.8864 0.532547 3.85777
10.9 10.9862 0.539295 3.88141
11 11.086 0.546085 3.90519
11.1 11.1857 0.552916 3.92912
11.2 11.2855 0.559789 3.95319
11.3 11.3853 0.566704 3.97741
11.4 11.485 0.573662 4.00178
11.5 11.5848 0.580662 4.02629
11.6 11.6845 0.587705 4.05096
11.7 11.7843 0.59479 4.07577
11.8 11.884 0.60192 4.10074
11.9 11.9838 0.609092 4.12586
12 12.0835 0.616309 4.15113
12.1 12.1832 0.62357 4.17655
12.2 12.283 0.630875 4.20213
12.3 12.3827 0.638225 4.22787
12.4 12.4824 0.645619 4.25376
12.5 12.5821 0.653059 4.27981
12.6 12.6819 0.660545 4.30602
12.7 12.7816 0.668076 4.33239
12.8 12.8813 0.675653 4.35892
12.9 12.981 0.683276 4.38561
13 13.0807 0.690947 4.41247
13.1 13.1804 0.698664 4.43949
13.2 13.2801 0.706428 4.46667
13.3 13.3798 0.714239 4.49402
13.4 13.4795 0.722098 4.52153
13.5 13.5792 0.730006 4.54921
13.6 13.6789 0.737961 4.57707
13.7 13.7785 0.745966 4.60509
13.8 13.8782 0.754019 4.63328
13.9 13.9779 0.762121 4.66164
14 14.0776 0.770273 4.69018
14.1 14.1772 0.778474 4.71889
14.2 14.2769 0.786726 4.74778
14.3 14.3765 0.795028 4.77684
14.4 14.4762 0.803381 4.80608
14.5 14.5758 0.811785 4.8355
14.6 14.6755 0.82024 4.8651
14.7 14.7751 0.828747 4.89487
14.8 14.8747 0.837305 4.92483
14.9 14.9744 0.845916 4.95497
15 15.074 0.85458 4.9853
15.1 15.1736 0.863296 5.01581
15.2 15.2732 0.872066 5.04651
15.3 15.3728 0.880889 5.07739
15.4 15.4724 0.889766 5.10846
15.5 15.572 0.898697 5.13972
15.6 15.6716 0.907682 5.17117
15.7 15.7712 0.916723 5.20282
15.8 15.8708 0.925819 5.23465
15.9 15.9704 0.93497 5.26668
16 16.07 0.944177 5.29891
16.1 16.1695 0.95344 5.33133
16.2 16.2691 0.962759 5.36395
16.3 16.3687 0.972136 5.39676
16.4 16.4682 0.98157 5.42978
16.5 16.5678 0.991061 5.463
16.6 16.6673 1.00061 5.49642
16.7 16.7669 1.01022 5.53005
16.8 16.8664 1.01988 5.56388
16.9 16.9659 1.02961 5.59791
17 17.0654 1.03939 5.63216
17.1 17.1649 1.04924 5.66661
17.2 17.2645 1.05914 5.70127
17.3 17.364 1.0691 5.73615
17.4 17.4635 1.07913 5.77123
17.5 17.5629 1.08922 5.80653
17.6 17.6624 1.09936 5.84204
17.7 17.7619 1.10957 5.87777
17.8 17.8614 1.11984 5.91372
17.9 17.9608 1.13018 5.94989
18 18.0603 1.14058 5.98628
18.1 18.1597 1.15104 6.02289
18.2 18.2592 1.16156 6.05972
18.3 18.3586 1.17215 6.09677
18.4 18.4581 1.1828 6.13405
18.5 18.5575 1.19352 6.17156
18.6 18.6569 1.2043 6.2093
18.7 18.7563 1.21515 6.24727
18.8 18.8557 1.22607 6.28546
18.9 18.9551 1.23705 6.32389
19 19.0545 1.2481 6.36256
19.1 19.1539 1.25921 6.40146
19.2 19.2533 1.2704 6.44059
19.3 19.3526 1.28165 6.47997
19.4 19.452 1.29297 6.51958
19.5 19.5513 1.30435 6.55943
19.6 19.6507 1.31581 6.59953
19.7 19.75 1.32734 6.63987
19.8 19.8493 1.33894 6.68046
19.9 19.9486 1.35061 6.72129
20 20.0479 1.36235 6.76237
20.1 20.1472 1.37416 6.8037
20.2 20.2465 1.38604 6.84529
20.3 20.3458 1.39799 6.88712
20.4 20.4451 1.41002 6.92921
20.5 20.5444 1.42212 6.97156
20.6 20.6436 1.4343 7.01416
20.7 20.7429 1.44655 7.05702
20.8 20.8421 1.45887 7.10014
20.9 20.9413 1.47127 7.14353
21 21.0406 1.48374 7.18718
21.1 21.1398 1.49629 7.23109
21.2 21.239 1.50891 7.27527
21.3 21.3382 1.52161 7.31972
21.4 21.4373 1.53439 7.36444
21.5 21.5365 1.54725 7.40943
21.6 21.6357 1.56019 7.45469
21.7 21.7348 1.5732 7.50023
21.8 21.8339 1.58629 7.54604
21.9 21.9331 1.59946 7.59213
22 22.0322 1.61271 7.63851
22.1 22.1313 1.62605 7.68516
22.2 22.2304 1.63946 7.7321
22.3 22.3295 1.65296 7.77932
22.4 22.4286 1.66653 7.82683
22.5 22.5276 1.68019 7.87462
22.6 22.6267 1.69393 7.92271
22.7 22.7257 1.70776 7.97109
22.8 22.8247 1.72167 8.01976
22.9 22.9238 1.73566 8.06873
23 23.0228 1.74974 8.11799
23.1 23.1218 1.7639 8.16755
23.2 23.2207 1.77815 8.21742
23.3 23.3197 1.79249 8.26758
23.4 23.4187 1.80691 8.31805
23.5 23.5176 1.82142 8.36882
23.6 23.6165 1.83602 8.41991
23.7 23.7154 1.85071 8.4713
23.8 23.8143 1.86548 8.523
23.9 23.9132 1.88035 8.57502
24 24.0121 1.8953 8.62735
24.1 24.111 1.91035 8.68
24.2 24.2098 1.92549 8.73297
24.3 24.3087 1.94071 8.78626
24.4 24.4075 1.95604 8.83987
24.5 24.5063 1.97145 8.8938
24.6 24.6051 1.98696 8.94806
24.7 24.7038 2.00256 9.00265
24.8 24.8026 2.01825 9.05757
24.9 24.9013 2.03404 9.11282
25 25.0001 2.04993 9.16841
25.1 25.0988 2.06591 9.22433
25.2 25.1975 2.08199 9.28059
25.3 25.2962 2.09816 9.33719
25.4 25.3948 2.11444 9.39414
25.5 25.4935 2.13081 9.45142
25.6 25.5921 2.14728 9.50905
25.7 25.6907 2.16385 9.56704
25.8 25.7893 2.18052 9.62537
25.9 25.8879 2.19729 9.68405
26 25.9865 2.21416 9.74309
26.1 26.085 2.23113 9.80248
26.2 26.1836 2.24821 9.86223
26.3 26.2821 2.26539 9.92235
26.4 26.3806 2.28267 9.98282
26.5 26.4791 2.30006 10.0437
26.6 26.5775 2.31755 10.1049
26.7 26.676 2.33515 10.1664
26.8 26.7744 2.35285 10.2284
26.9 26.8728 2.37066 10.2907
27 26.9712 2.38858 10.3534
27.1 27.0695 2.40661 10.4165
27.2 27.1679 2.42474 10.4799
27.3 27.2662 2.44299 10.5438
27.4 27.3645 2.46134 10.608
27.5 27.4628 2.4798 10.6726
27.6 27.561 2.49838 10.7376
27.7 27.6593 2.51706 10.803
27.8 27.7575 2.53586 10.8688
27.9 27.8557 2.55478 10.9349
28 27.9539 2.5738 11.0015
28.1 28.052 2.59294 11.0685
28.2 28.1501 2.6122 11.1359
28.3 28.2482 2.63157 11.2037
28.4 28.3463 2.65106 11.2718
28.5 28.4444 2.67066 11.3404
28.6 28.5424 2.69038 11.4095
28.7 28.6404 2.71023 11.4789
28.8 28.7384 2.73019 11.5487
28.9 28.8364 2.75027 11.619
29 28.9343 2.77047 11.6897
29.1 29.0322 2.79079 11.7608
29.2 29.1301 2.81123 11.8323
29.3 29.228 2.8318 11.9043
29.4 29.3258 2.85249 11.9767
29.5 29.4236 2.8733 12.0495
29.6 29.5214 2.89424 12.1228
29.7 29.6192 2.9153 12.1965
29.8 29.7169 2.93649 12.2706
29.9 29.8146 2.95781 12.3452
30 29.9123 2.97925 12.4202
30.1 30.0099 3.00082 12.4957
30.2 30.1075 3.02252 12.5716
30.3 30.2051 3.04435 12.648
30.4 30.3027 3.06631 12.7249
30.5 30.4002 3.08841 12.8022
30.6 30.4977 3.11063 12.8799
30.7 30.5952 3.13299 12.9582
30.8 30.6926 3.15548 13.0369
30.9 30.79 3.1781 13.116
31 30.8874 3.20086 13.1957
31.1 30.9847 3.22376 13.2758
31.2 31.0821 3.24679 13.3564
31.3 31.1793 3.26996 13.4374
31.4 31.2766 3.29327 13.519
31.5 31.3738 3.31671 13.601
31.6 31.471 3.3403 13.6836
31.7 31.5681 3.36402 13.7666
31.8 31.6652 3.38789 13.8501
31.9 31.7623 3.4119 13.9341
32 31.8593 3.43605 14.0186
32.1 31.9563 3.46035 14.1036
32.2 32.0533 3.48479 14.1891
32.3 32.1502 3.50937 14.2752
32.4 32.2471 3.5341 14.3617
32.5 32.344 3.55898 14.4488
32.6 32.4408 3.584 14.5363
32.7 32.5376 3.60918 14.6244
32.8 32.6343 3.6345 14.713
32.9 32.731 3.65997 14.8021
33 32.8277 3.6856 14.8918
33.1 32.9243 3.71137 14.982
33.2 33.0209 3.7373 15.0727
33.3 33.1174 3.76338 15.164
33.4 33.2139 3.78961 15.2558
33.5 33.3104 3.816 15.3481
33.6 33.4068 3.84255 15.441
33.7 33.5032 3.86925 15.5344
33.8 33.5995 3.89611 15.6284
33.9 33.6958 3.92313 15.723
34 33.792 3.95031 15.8181
34.1 33.8882 3.97765 15.9137
34.2 33.9844 4.00515 16.0099
34.3 34.0804 4.03281 16.1067
34.4 34.1765 4.06063 16.2041
34.5 34.2725 4.08862 16.302
34.6 34.3685 4.11677 16.4005
34.7 34.4644 4.14509 16.4996
34.8 34.5602 4.17357 16.5993
34.9 34.656 4.20222 16.6995
35 34.7518 4.23104 16.8004
35.1 34.8475 4.26003 16.9018
35.2 34.9432 4.28919 17.0038
35.3 35.0388 4.31852 17.1065
35.4 35.1343 4.34802 17.2097
35.5 35.2298 4.37769 17.3135
35.6 35.3252 4.40754 17.418
35.7 35.4206 4.43756 17.523
35.8 35.516 4.46776 17.6287
35.9 35.6112 4.49813 17.7349
36 35.7065 4.52868 17.8418
36.1 35.8016 4.55941 17.9494
36.2 35.8967 4.59031 18.0575
36.3 35.9918 4.6214 18.1663
36.4 36.0868 4.65267 18.2757
36.5 36.1817 4.68412 18.3857
36.6 36.2765 4.71575 18.4964
36.7 36.3713 4.74757 18.6078
36.8 36.4661 4.77957 18.7197
36.9 36.5608 4.81175 18.8324
37 36.6554 4.84413 18.9456
37.1 36.7499 4.87669 19.0596
37.2 36.8444 4.90944 19.1742
37.3 36.9388 4.94237 19.2894
37.4 37.0332 4.9755 19.4053
37.5 37.1275 5.00882 19.5219
37.6 37.2217 5.04234 19.6392
37.7 37.3158 5.07604 19.7571
37.8 37.4099 5.10994 19.8758
37.9 37.5039 5.14404 19.9951
38 37.5979 5.17833 20.1151
38.1 37.6917 5.21282 20.2357
38.2 37.7855 5.24751 20.3571
38.3 37.8792 5.28239 20.4792
38.4 37.9729 5.31748 20.602
38.5 38.0665 5.35277 20.7254
38.6 38.1599 5.38826 20.8496
38.7 38.2534 5.42395 20.9745
38.8 38.3467 5.45985 21.1001
38.9 38.4399 5.49595 21.2265
39 38.5331 5.53226 21.3535
39.1 38.6262 5.56877 21.4813
39.2 38.7192 5.60549 21.6098
39.3 38.8122 5.64243 21.739
39.4 38.905 5.67957 21.869
39.5 38.9978 5.71692 21.9997
39.6 39.0904 5.75449 22.1311
39.7 39.183 5.79227 22.2633
39.8 39.2755 5.83026 22.3963
39.9 39.3679 5.86847 22.53
40 39.4603 5.90689 22.6644
40.1 39.5525 5.94554 22.7996
40.2 39.6446 5.9844 22.9356
40.3 39.7367 6.02348 23.0724
40.4 39.8286 6.06277 23.2099
40.5 39.9205 6.10229 23.3482
40.6 40.0123 6.14204 23.4872
40.7 40.1039 6.182 23.6271
40.8 40.1955 6.22219 23.7677
40.9 40.287 6.26261 23.9091
41 40.3783 6.30325 24.0513
41.1 40.4696 6.34412 24.1943
41.2 40.5608 6.38522 24.3382
41.3 40.6518 6.42654 24.4828
41.4 40.7428 6.4681 24.6282
41.5 40.8336 6.50989 24.7744
41.6 40.9244 6.55191 24.9214
41.7 41.015 6.59416 25.0693
41.8 41.1056 6.63665 25.218
41.9 41.196 6.67937 25.3675
42 41.2863 6.72233 25.5178
42.1 41.3765 6.76553 25.6689
42.2 41.4665 6.80897 25.8209
42.3 41.5565 6.85264 25.9738
42.4 41.6463 6.89656 26.1274
42.5 41.7361 6.94072 26.282
42.6 41.8257 6.98512 26.4373
42.7 41.9151 7.02976 26.5935
42.8 42.0045 7.07465 26.7506
42.9 42.0937 7.11978 26.9085
43 42.1828 7.16516 27.0673
43.1 42.2718 7.21079 27.227
43.2 42.3607 7.25666 27.3875
43.3 42.4494 7.30279 27.5489
43.4 42.538 7.34916 27.7112
43.5 42.6265 7.39579 27.8744
43.6 42.7148 7.44267 28.0384
43.7 42.803 7.4898 28.2033
43.8 42.8911 7.53719 28.3691
43.9 42.979 7.58483 28.5359
44 43.0668 7.63273 28.7035
44.1 43.1544 7.68089 28.872
44.2 43.2419 7.7293 29.0414
44.3 43.3293 7.77797 29.2117
44.4 43.4165 7.82691 29.3829
44.5 43.5035 7.8761 29.5551
44.6 43.5904 7.92556 29.7281
44.7 43.6772 7.97528 29.9021
44.8 43.7638 8.02526 30.077
44.9 43.8503 8.07551 30.2529
45 43.9366 8.12603 30.4296
45.1 44.0227 8.17681 30.6073
45.2 44.1087 8.22786 30.786
45.3 44.1946 8.27917 30.9655
45.4 44.2802 8.33076 31.146
45.5 44.3657 8.38262 31.3275
45.6 44.4511 8.43475 31.5099
45.7 44.5362 8.48715 31.6933
45.8 44.6212 8.53982 31.8776
45.9 44.7061 8.59277 32.0629
46 44.7907 8.64599 32.2491
46.1 44.8752 8.69949 32.4363
46.2 44.9595 8.75326 32.6245
46.3 45.0437 8.80731 32.8136
46.4 45.1276 8.86164 33.0037
46.5 45.2114 8.91625 33.1948
46.6 45.295 8.97114 33.3869
46.7 45.3784 9.02631 33.5799
46.8 45.4616 9.08176 33.774
46.9 45.5446 9.13749 33.969
47 45.6275 9.19351 34.165
47.1 45.7101 9.24981 34.362
47.2 45.7926 9.30639 34.56
47.3 45.8748 9.36326 34.759
47.4 45.9569 9.42041 34.959
47.5 46.0387 9.47786 35.1601
47.6 46.1204 9.53559 35.3621
47.7 46.2018 9.5936 35.5651
47.8 46.2831 9.65191 35.7691
47.9 46.3641 9.71051 35.9742
48 46.4449 9.7694 36.1802
48.1 46.5256 9.82857 36.3873
48.2 46.606 9.88804 36.5954
48.3 46.6861 9.94781 36.8045
48.4 46.7661 10.0079 37.0147
48.5 46.8458 10.0682 37.2259
48.6 46.9253 10.1289 37.4381
48.7 47.0046 10.1898 37.6513
48.8 47.0837 10.251 37.8656
48.9 47.1625 10.3126 38.0809
49 47.2411 10.3744 38.2973
49.1 47.3195 10.4365 38.5146
49.2 47.3976 10.4989 38.7331
49.3 47.4755 10.5616 38.9526
49.4 47.5531 10.6247 39.1731
49.5 47.6306 10.688 39.3946
49.6 47.7077 10.7516 39.6172
49.7 47.7846 10.8155 39.8409
49.8 47.8613 10.8797 40.0656
49.9 47.9377 10.9442 40.2914
50 48.0138 11.0091 40.5182
50.1 48.0897 11.0742 40.7461
50.2 48.1654 11.1396 40.975
50.3 48.2407 11.2053 41.205
50.4 48.3158 11.2713 41.4361
50.5 48.3907 11.3377 41.6682
50.6 48.4652 11.4043 41.9014
50.7 48.5395 11.4712 42.1356
50.8 48.6135 11.5385 42.3709
50.9 48.6873 11.606 42.6073
51 48.7607 11.6739 42.8447
51.1 48.8339 11.742 43.0832
51.2 48.9068 11.8105 43.3227
51.3 48.9794 11.8793 43.5634
51.4 49.0517 11.9483 43.8051
51.5 49.1238 12.0177 44.0478
51.6 49.1955 12.0874 44.2917
51.7 49.2669 12.1574 44.5366
51.8 49.3381 12.2276 44.7825
51.9 49.4089 12.2982 45.0296
52 49.4794 12.3691 45.2777
52.1 49.5496 12.4403 45.5269
52.2 49.6195 12.5119 45.7771
52.3 49.6891 12.5837 46.0284
52.4 49.7584 12.6558 46.2808
52.5 49.8273 12.7282 46.5343
52.6 49.896 12.8009 46.7888
52.7 49.9643 12.874 47.0444
52.8 50.0323 12.9473 47.301
52.9 50.0999 13.021 47.5587
53 50.1672 13.0949 47.8175
53.1 50.2342 13.1692 48.0773
53.2 50.3009 13.2437 48.3383
53.3 50.3672 13.3186 48.6002
53.4 50.4331 13.3938 48.8633
53.5 50.4987 13.4692 49.1273
53.6 50.564 13.545 49.3925
53.7 50.6289 13.6211 49.6587
53.8 50.6935 13.6974 49.926
53.9 50.7577 13.7741 50.1943
54 50.8215 13.8511 50.4636
54.1 50.885 13.9283 50.734
54.2 50.9481 14.0059 51.0055
54.3 51.0108 14.0838 51.278
54.4 51.0732 14.162 51.5516
54.5 51.1352 14.2404 51.8261
54.6 51.1968 14.3192 52.1018
54.7 51.258 14.3982 52.3784
54.8 51.3189 14.4776 52.6561
54.9 51.3794 14.5572 52.9349
55 51.4394 14.6372 53.2146
55.1 51.4991 14.7174 53.4954
55.2 51.5584 14.7979 53.7772
55.3 51.6173 14.8788 54.06
55.4 51.6758 14.9599 54.3439
55.5 51.7339 15.0413 54.6287
55.6 51.7916 15.123 54.9146
55.7 51.8489 15.2049 55.2015
55.8 51.9057 15.2872 55.4893
55.9 51.9622 15.3697 55.7782
56 52.0182 15.4526 56.0681
56.1 52.0738 15.5357 56.3589
56.2 52.129 15.6191 56.6508
56.3 52.1838 15.7027 56.9436
56.4 52.2381 15.7867 57.2374
56.5 52.292 15.8709 57.5322
56.6 52.3455 15.9554 57.8279
56.7 52.3985 16.0402 58.1246
56.8 52.4511 16.1253 58.4223
56.9 52.5032 16.2106 58.7209
57 52.5549 16.2962 59.0205
57.1 52.6062 16.3821 59.321
57.2 52.657 16.4682 59.6224
57.3 52.7073 16.5546 59.9248
57.4 52.7572 16.6413 60.2281
57.5 52.8066 16.7282 60.5323
57.6 52.8556 16.8154 60.8375
57.7 52.9041 16.9029 61.1435
57.8 52.9521 16.9906 61.4505
57.9 52.9997 17.0785 61.7584
58 53.0468 17.1668 62.0671
58.1 53.0934 17.2552 62.3767
58.2 53.1395 17.344 62.6872
58.3 53.1851 17.433 62.9986
58.4 53.2303 17.5222 63.3109
58.5 53.275 17.6116 63.624
58.6 53.3192 17.7014 63.938
58.7 53.3628 17.7913 64.2528
58.8 53.406 17.8815 64.5684
58.9 53.4487 17.9719 64.8849
59 53.4909 18.0626 65.2022
59.1 53.5326 18.1535 65.5203
59.2 53.5738 18.2446 65.8392
59.3 53.6145 18.336 66.1589
59.4 53.6546 18.4276 66.4794
59.5 53.6943 18.5194 66.8007
59.6 53.7334 18.6114 67.1227
59.7 53.772 18.7036 67.4456
59.8 53.8101 18.7961 67.7691
59.9 53.8477 18.8888 68.0935
60 53.8848 18.9816 68.4185
60.1 53.9213 19.0747 68.7443
60.2 53.9573 19.168 69.0709
60.3 53.9927 19.2615 69.3981
60.4 54.0276 19.3553 69.7261
60.5 54.062 19.4492 70.0547
60.6 54.0959 19.5433 70.384
